3
10
13
14
17
19
20
21
28
32
45
56
58
59
69
72
74
77
78
84
85
88
89
93
97
100
104
109
112
115
116
117
119
120
122
123
129
138
140
142
143
145
153
154
155
157
160
162
164
166
169
174
175
176
178
192
195
200
202
204
205
206
209
233
236
251
253
254
256
261
264
267
271
272
278
292
295
302
305
307
308
312
314
317
318
323
333
336
341
342
347
358
364
368
369
382
384
387
393
406
409
416
431
441
446
450
457
470
487
496
521
523
533
538
539
542
558
559
561
563
564
569
570
573
587
597
598
603
620
623
630
636
640
644
653
655
658
662
665
672
677
678
682
683
685
687
690
693
694
695
696
698
700
701
706
707
708
709
711
717
721
722
724
726
727
739
742
748
749
750
753
762
767
768
771
772
773
776
786
787
788
791
800
806
807
815
829
834
837
843
846
849
850
851
855
861
863
866
871
875
876
882
884
885
886
891
897
903
905
907
917
918
921
926
930
932
933
934
936
937
938
941
946
948
951
957
964
969
971
978
986
994
996
997
998
1002
1007
1009
1015
1024
1031
1032
1036
1039
1046
1056
1057
1058
1060
1061
1068
1070
1072
1077
1078
1080
1081
1084
1085
1086
1087
1089
1092
1096
1099
1102
1104
1106
1108
1110
1115
1117
1118
1120
1121
1123
1128
1132
1135
1137
1140
1143
1155
1177
1178
1179
1180
1181
1183
1185
1186
1189
1190
1193
1197
1202
1206
1207
1209
1210
1211
1212
1216
1217
1220
1221
1222
1226
1227
1228
1232
1236
1237
1238
1239
1242
1243
1245
1246
1250
1254
1255
1256
1257
1259
1260
1261
1262
1263
1265
1266
1267
1277
1280
1281
1283
1285
1286
1288
1290
1291
1295
1296
1297
1298
1299
1300
1301
1302
1303
1307
1309
1310
1311
1312
1313
1314
1323
1325
1326
1328
1332
1334
1336
1337
1338
1342
1348
1351
1355
1358
1360
1363
1364
1366
1367
1369
1370
1371
1372
1373
1376
1383
1385
1386
1393
1400
1403
1407
1411
1412
1418
1419
1420
1422
1423
1426
1429
1430
1432
1439
1440
1442
1450
1454
1456
1457
1459
1461
1466
1471
1472
1480
1481
1482
1486
1488
1491
1493
1494
1496
1500
1504
1505
1506
1508
1517
1518
1519
1521
1524
1527
1532
1534
1537
1538
1542
1548
1550
1551
1552
1554
1555
1561
1562
1565
1568
1569
1571
1577
1578
1582
1591
1596
1597
1598
1600
1601
1602
1603
1604
1606
1608
1612
1618
1619
1620
1621
1622
1623
1624
1625
1626
1627
1628
1629
1630
1631
1632
1634
1635
1637
1638
1649
1652
1654
1655
1658
1659
1660
1661
1669
1671
1673
1675
1679
1686
1688
1689
1694
1700
1703
1705
1707
1708
1710
1715
1716
1720
1721
1722
1725
1726
1727
1728
1730
1739
1742
1743
1745
1749
1750
1751
1758
1759
1766
1768
1771
1773
1774
1778
1780
1786
1787
1788
1792
1793
1795
1799
1801
1804
1808
1811
1813
1814
1815
1817
1820
1821
1822
1823
1825
1828
1829
1830
1832
1834
1836
1838
1841
1844
1845
1846
1849
1851
1852
1855
1859
1860
1861
1863
1865
1867
1878
1879
1880
1882
1883
1887
1889
1892
1893
1895
1897
1900
1903
1904
1906
1907
1908
1909
1910
1911
1912
1915
1916
1919
1920
1924
1926
1930
1931
1933
1936
1938
1940
1942
1946
1947
1949
1953
1955
1957
1958
1965
1966
1967
1969
1970
1971
1972
1975
1978
1979
1980
1984
1986
1996
2007
2008
2014
2015
2017
2026
2027
2028
2032
2035
2037
2038
2039
2042
2043
2047
2052
2053
2055
2056
2057
2058
2060
2061
2062
2065
2066
2067
2068
2069
2070
2078
2079
2084
2086
2087
2088
2089
2090
2091
2092
2094
2095
2097
2099
2100
2109
2116
2117
2119
2122
2124
2126
2131
2132
2136
2138
2142
2145
2160
2161
2162
2163
2167
2168
2173
2174
2175
2182
2184
2186
2198
2200
2202
2203
2208
2220
2222
2223
2225
2236
2241
2242
2246
2252
2255
2256
2257
2260
2261
2262
2265
2268
2274
2282
2293
2294
2300
2302
2313
2315
2317
2333
2336
2339
2357
2377
2389
2403
2454
2470
2479
2489
2494
2584
2586
2587
2621
2636
2679
2725
2766
2787
2798
2802
2805
2811
2853
2863
2866
2877
2894
2911
2920
2929
2975
2980
2981
2991
3016
3018
3058
3090
3094
3110
3143
3151
3157
3162
3175
3194
3198
3223
3226
3267
3274
3276
3278
3281
3288
3289
3291
3294
3297
3298
3299
3300
3306
3311
3312
3320
3321
3329
3330
3331
3333
3334
3338
3340
3347
3353
3360
3362
3366
3369
3372
3378
3379
3388
3389
3393
3398
3401
3403
3406
3411
3412
3426
3428
3429
3433
3447
3457
3458
3459
3463
3466
3469
3473
3475
3483
3488
3491
3496
3510
3512
3521
3523
3534
3537
3539
3540
3544
3553
3554
3561
3566
3567
3568
3577
3582
3586
3589
3591
3595
3617
3622
3625
3626
3628
3629
3638
3643
3647
3650
3651
3657
3663
3667
3669
3670
3673
3676
3678
3679
3689
3699
3722
3724
3727
3732
3733
3734
3735
3737
3741
3743
3752
3757
3762
3767
3773
3776
3790
3803
3804
3817
3820
3822
3838
3848
3854
3855
3856
3859
3864
3866
3872
3877
3880
3886
3894
3895
3896
3901
3908
3916
3917
3920
3924
3936
3937
3940
3946
3947
3948
3949
3951
3954
3955
3959
3965
3966
3967
3969
3970
3973
3974
3976
3977
3984
3986
3987
3988
3991
3992
3995
3997
4001
4002
4011
4012
4013
4017
4018
4019
4020
4021
4022
4024
4026
4028
4029
4030
4032
4034
4035
4037
4040
4045
4046
4047
4048
4050
4053
4055
4056
4057
4058
4060
4063
4064
4065
4066
4067
4068
4070
4072
4074
4075
4082
4084
4085
4087
4090
4093
4095
4097
4098
4100
4102
4104
4108
4110
4111
4113
4114
4115
4116
4117
4118
4121
4122
4123
4125
4128
4129
4130
4131
4138
4141
4144
4146
4147
4148
4150
4151
4154
4155
4156
4161
4163
4169
4172
4174
4176
4180
4183
4184
4186
4187
4189
4191
4192
4193
4196
4201
4204
4205
4207
4209
4210
4212
4216
4224
4225
4226
4230
4231
4236
4238
4241
4274
4278
4279
4280
4283
4286
4288
4309
4316
4318
4325
4328
4333
4334
4337
4339
4340
4342
4343
4359
4360
4364
4367
4371
4373
4378
4385
4388
4394
4398
4409
4415
4417
4420
4425
4432
4433
4440
4443
4447
4450
4454
4456
4457
4462
4469
4472
4477
4478
4479
4482
4483
4485
4490
4492
4493
4498
4505
4509
4512
4515
4521
4524
4528
4535
4537
4538
4543
4544
4545
4546
4548
4556
4559
4562
4566
4574
4575
4578
4579
4582
4583
4584
4588
4589
4596
4612
4616
4618
4619
4620
4623
4624
4633
4634
4637
4644
4656
4658
4659
4663
4669
4671
4676
4677
4680
4681
4682
4684
4685
4690
4692
4697
4702
4703
4704
4711
4720
4726
4729
4730
4735
4738
4741
4743
4925
4926
4928
4932
5089
5091
5095
5099
5100
5102
5105
5110
5111
5118
5128
5130
5134
5135
5139
5140
5148
5150
5152
5153
5156
5157
5158
5160
5161
5162
5163
5173
5176
5180
5182
5186
5187
5190
5193
5195
5196
5197
5199
5200
5201
5204
5205
5206
5207
5208
5209
5210
5211
5214
5219
5228
5302
5380
5381
5382
5383
5384
5391
5392
5395
5398
5400
5401
5477
5556
5630
5631
5784
5789
5865
5866
5867
5868
5944
5961
5965
6287
6288
6289
6295
6383
6549
6631
6721
6722
6724
6817
6821
6822
6913
7001
7260
7262
7265
7266
7441
7461
7481
7608
7775
7779
7780
7863
7865
7868
7869
7879
7884
7885
8137
8218
8219
8220
8221
8222
8224
8225
8226
8228
8230
8233
8235
8238
8239
8242
8244
8245
8246
8247
8249
8250
8251
8253
8256
8258
8259
8261
8262
8264
8265
8268
8269
8274
8275
8276
8277
8278
8279
8281
8283
8287
8288
8289
8291
8292
8297
8301
8303
8305
8307
8308
8313
8315
8318
8320
8322
8327
8342
8348
8350
8352
8353
8354
8355
8365
8373
8375
8379
8384
8388
8389
8392
8393
8398
8399
8400
8403
8404
8405
8406
8407
8412
8413
8415
8416
8418
8422
8423
8426
8430
8431
8432
8433
8434
8438
8441
8445
8447
8452
8454
8460
8462
8472
8473
8483
8489
8491
8492
8495
8496
8498
8499
8500
8503
8508
8509
8510
8523
8526
8529
8531
8536
8538
8540
8542
8547
8548
8551
8554
8557
8563
8564
8574
8586
8587
8588
8589
8593
8599
8600
8609
8616
8620
8621
8625
8626
8627
8628
8629
8631
8632
8634
8638
8639
8640
8641
8649
8651
8654
8658
8659
8664
8665
8671
8672
8673
8674
8676
8680
8682
8683
8685
8688
8690
8693
8696
8700
8701
8703
8707
8717
8726
8730
8731
8732
8733
8734
8737
8738
8739
8740
8742
8745
8746
8748
8749
8751
8755
8756
8758
8759
8761
8763
8764
8765
8766
8769
8772
8773
8774
8778
8780
8783
8784
8785
8786
8791
8792
8793
8796
8797
8799
8800
8803
8805
8806
8807
8809
8810
8811
8812
8815
8816
8817
8819
8820
8821
8822
8824
8826
8837
8838
8846
8849
8850
8853
8854
8855
8857
8860
8861
8862
8865
8867
8869
8874
8875
8876
8878
8879
8881
8883
8885
8886
8888
8889
8894
8897
8898
8900
8901
8902
8903
8904
8910
8911
8912
8913
8915
8916
8918
8919
8920
8921
8922
8924
8926
8928
8931
8938
8939
8940
8942
8944
8949
8952
8953
8954
8956
8957
8958
8959
8960
8961
8963
8964
8968
8970
8971
8973
8975
8976
8980
8983
8984
8985
8989
8992
8994
8996
8997
8999
9000
9001
9003
9004
9005
9007
9013
9014
9018
9019
9020
9026
9030
9032
9033
9034
9035
9036
9039
9040
9041
9043
9044
9045
9046
9047
9048
9049
9050
9051
9053
9056
9057
9058
9059
9060
9063
9067
9069
9070
9072
9073
9074
9075
9076
9077
9080
9084
9085
9089
9094
9101
9102
9103
9104
9105
9106
9107
9108
9112
9114
9116
9122
9124
9125
9127
9129
9130
9132
9153
9162
9164
9165
9166
9169
9174
9175
9178
9180
9182
9187
9188
9189
9190
9192
9194
9195
9196
9197
9198
9200
9204
9207
9209
9210
9214
9216
9217
9224
9226
9228
9229
9232
9233
9234
9235
9237
9239
9241
9242
9243
9249
9250
9251
9255
9258
9259
9260
9267
9270
9277
9278
9279
9282
9283
9284
9285
9288
9290
9292
9293
9298
9300
9301
9303
9315
9318
9320
9323
9324
9326
9327
9328
9330
9331
9332
9334
9336
9337
9339
9340
9343
9344
9345
9347
9349
9350
9357
9358
9364
9365
9366
9368
9371
9373
9376
9383
9386
9387
9391
9392
9395
9397
9398
9405
9407
9412
9414
9417
9420
9423
9425
9426
9427
9429
9432
9434
9435
9436
9437
9440
9441
9442
9451
9452
9453
9457
9460
9461
9462
9464
9465
9468
9470
9471
9472
9478
9480
9482
9483
9486
9489
9490
9492
9494
9495
9499
9501
9502
9503
9504
9506
9507
9509
9510
9514
9517
9518
9519
9521
9523
9525
9531
9532
9535
9536
9538
9539
9541
9543
9545
9547
9549
9559
9560
9562
9563
9567
9569
9570
9576
9579
9580
9581
9582
9583
9584
9586
9587
9589
9593
9598
9599
9600
9603
9604
9605
9613
9618
9621
9622
9623
9626
9627
9628
9629
9630
9631
9632
9633
9634
9635
9637
9641
9642
9643
9644
9645
9646
9647
9648
9650
9651
9653
9654
9655
9661
9663
9664
9666
9667
9668
9669
9670
9671
9673
9675
9676
9677
9678
9679
9680
9681
9682
9686
9687
9688
9689
9693
9694
9695
9698
9699
9702
9704
9705
9707
9708
9709
9711
9713
9715
9716
9717
9718
9721
9722
9723
9724
9727
9728
9729
9730
9731
9732
9733
9734
9735
9736
9738
9739
9742
9743
9744
9752
9797
9805
9835
9852
9957
9968
9997
10003
10022
10027
10056
10079
10088
10092
10102
10135
10173
10175
10199
10225
10238
10253
10266
10277
10282
10284
10288
10289
10290
10293
10294
10295
10297
10298
10299
10300
10304
10305
10308
10310
10311
10312
10313
10315
10316
10318
10322
10324
10326
10327
10328
10329
10330
10333
10343
10344
10345
10346
10347
10348
10349
10352
10354
10355
10356
10358
10361
10363
10366
10367
10368
10369
10370
10371
10374
10375
10376
10380
10382
10383
10384
10387
10394
10396
10398
10399
10401
10402
10403
10404
10405
10406
10408
10409
10415
10422
10424
10425
10426
10429
10430
10432
10437
10438
10439
10440
10441
10446
10457
10458
10461
10464
10466
10468
10477
10478
10479
10484
10487
10489
10492
10493
10494
10495
10502
10503
10507
10508
10510
10511
10512
10513
10516
10517
10518
10519
10523
10526
10527
10529
10530
10532
10533
10534
10535
10537
10538
10539
10540
10541
10542
10544
10546
10551
10554
10555
10556
10557
10558
10559
10561
10563
10564
10575
10576
10578
10579
10580
10582
10583
10584
10585
10587
10588
10589
10590
10591
10592
10593
10594
10595
10601
10602
10603
10604
10605
10606
10608
10610
10612
10615
10616
10617
10618
10619
10620
10621
10623
10625
10630
10633
10635
10636
10637
10638
10639
10640
10641
10643
10646
10648
10650
10652
10653
10654
10656
10657
10660
10662
10668
10669
10670
10672
10673
10674
10675
10677
10678
10679
10680
10688
10693
10694
10695
10696
10699
10701
10702
10707
10708
10709
10710
10712
10713
10715
10718
10720
10723
10724
10725
10727
10728
10729
10730
10732
10733
10734
10735
10736
10739
10740
10741
10744
10747
10748
10751
10752
10753
10755
10756
10757
10758
10759
10760
10761
10762
10764
10765
10766
10767
10768
10769
10771
10772
10773
10774
10775
10777
10778
10779
10784
10785
10786
10787
10788
10789
10790
10791
10793
10794
10797
10798
10800
10801
10802
10803
10804
10806
10807
10808
10811
10812
10815
10816
10817
10818
10819
10820
10821
10822
10823
10824
10825
10826
10827
10828
10830
10831
10832
10833
10834
10835
10836
10837
10838
10839
10840
10841
10842
10843
10845
10846
10847
10849
10850
10851
10852
10854
10855
10857
10858
10859
10860
10861
10862
10863
10864
10865
10866
10867
10868
10869
10871
10872
10874
10875
10876
10878
10879
10881
10883
10885
10886
10887
10888
10889
10890
10891
10894
10895
10896
10898
10899
10903
10904
10905
10906
10907
10908
10909
10910
10911
10912
10914
10916
10917
10919
10920
10921
10922
10924
10925
10926
10941
10942
10944
10946
10949
10950
10952
10953
10954
10955
10956
10957
10958
10959
10960
10961
10962
10963
10965
10966
10967
10968
10969
10970
10971
10972
10974
10976
10977
10978
10979
10980
10981
10982
10983
10984
10985
10986
10987
10988
10989
10990
10992
10993
10994
10995
10996
10997
10998
10999
11000
11001
11002
11003
11004
11005
11006
11007
11008
11009
11010
11011
11013
11014
11015
11016
11017
11018
11020
11021
11022
11023
11024
11025
11026
11027
11028
11030
11031
11032
11033
11034
11035
11036
11038
11039
11040
11041
11042
11043
11044
11045
11046
11047
11048
11049
11050
11051
11052
11053
11054
11055
11056
11057
11059
11060
11061
11062
11063
11064
11065
11066
11067
11068
11069
11070
11072
11073
11074
11075
11076
11077
11078
11079
11080
11081
11082
11084
11085
11086
11087
11088
11089
11090
11091
11092
11093
11094
11095
11096
11097
11098
11099
11100
11101
11102
11103
11104
11105
11106
11107
11108
11109
11110
11111
11112
11113
11114
11115
11116
11118
11119
11120
11121
11122
11123
11124
11126
11127
11128
11129
11130
11131
11132
11133
11134
11135
11137
11138
11139
11140
11141
11142
11143
11144
11145
11146
11147
11148
11149
11150
11151
11152
11153
11154
11156
11157
11158
11159
11160
11161
11162
11164
11165
11166
11167
11168
11169
11170
11171
11172
11173
11174
11176
11177
11178
11179
11180
11181
11182
11183
11184
11185
11186
11187
11188
11189
11190
11191
11192
11193
11194
11195
11196
11197
11198
11199
11200
11202
11203
11204
11205
11206
11207
11208
11209
11210
11211
11212
11213
11214
11215
11216
11217
11218
11219
11220
11221
11222
11223
11224
11225
11226
11227
11228
11229
11230
11231
11232
11233
11234
11236
11237
11238
11240
11241
11243
11244
11245
11246
11247
11248
11249
11250
11251
11252
11253
11254
11255
11256
11257
11258
11259
11260
11261
11262
11263
11264
11265
11266
11267
11268
11269
11270
11271
11272
11273
11274
11275
11276
11277
11278
11279
11280
11281
11282
11283
11284
11285
11286
11287
11288
11289
11290
11291
11292
11293
11294
11295
11296
11297
11298
11299
11300
11301
11302
11303
11304
11305
11306
11307
11308
11309
11310
11311
11312
11317
11318
11320
11321
11322
11323
11324
11325
11326
11327
11328
11329
11330
11331
11332
11333
11334
11335
11336
11337
11338
11339
11340
11341
11342
